id,Status_C,Status_CL,Status_D
7905,0.68651443001443,0.053926046176046176,0.25955952380952385
7906,0.7631248575985417,0.07132680185311764,0.16554834054834053
7907,0.12536940836940835,0.06716702741702743,0.8074635642135646
7908,0.9230858585858586,0.005595238095238095,0.07131890331890332
7909,0.5705008047508047,0.13330261405261404,0.29619658119658115
7910,0.9944047619047619,0.0016666666666666666,0.003928571428571429
7911,0.9905000000000002,0.00125,0.00825
7912,0.354297286047286,0.07584282384282384,0.5698598901098899
7913,0.05849278499278499,0.01715909090909091,0.924348124098124
7914,0.5699546564546565,0.02213924963924964,0.40790609390609384
7915,0.6695577200577199,0.052138888888888894,0.2783033910533909
7916,0.7131805139305137,0.0014285714285714286,0.2853909146409146
7917,0.5022370407370407,0.12383730158730157,0.3739256576756577
7918,0.7631259018759019,0.015416666666666665,0.2214574314574315
7919,0.4503507881007879,0.06900937950937952,0.4806398323898326
7920,0.8164206349206347,0.012952380952380953,0.17062698412698413
7921,0.8907092352092352,0.010711399711399712,0.09857936507936507
7922,0.08962409812409812,0.03319047619047619,0.8771854256854258
7923,0.8209295843045843,0.0,0.17907041569541568
7924,0.6628742368742366,0.0923894993894994,0.24473626373626373
7925,0.005838383838383838,0.0025,0.9916616161616161
7926,0.7380311632811631,0.007638888888888889,0.2543299478299479
7927,0.797132783882784,0.05738794538794538,0.14547927072927075
7928,0.04620238095238095,0.0386984126984127,0.9150992063492063
7929,0.818911976911977,0.05323701298701297,0.12785101010101008
7930,0.20950072150072152,0.10451587301587299,0.6859834054834054
7931,0.7796518759018758,0.02187301587301587,0.19847510822510825
7932,0.11025216450216449,0.023365079365079363,0.8663827561327561
7933,0.6368376623376623,0.009912698412698413,0.35324963924963926
7934,0.9797499999999999,0.0,0.02025
7935,0.8943010045510049,0.005,0.10069899544899549
7936,0.9520992063492062,0.0034285714285714284,0.044472222222222225
7937,0.29808201765554704,0.0500674603174603,0.6518505220269927
7938,0.911466810966811,0.0016666666666666666,0.08686652236652236
7939,0.47424322899322896,0.08713122988122986,0.4386255411255411
7940,0.7150252525252523,0.13328205128205128,0.15169269619269618
7941,0.16587950937950943,0.1512106782106782,0.6829098124098125
7942,0.9408568376068377,0.0045000000000000005,0.05464316239316239
7943,0.11415476190476191,0.07111904761904762,0.8147261904761904
7944,0.9337042124542123,0.003928571428571429,0.062367216117216115
7945,0.963,0.0,0.037000000000000005
7946,0.7141449367625838,0.046103896103896105,0.23975116713352007
7947,0.8297900432900431,0.007222222222222222,0.1629877344877345
7948,0.22116014541014542,0.014253968253968255,0.7645858863358864
7949,0.1120344932844933,0.09089657564657565,0.7970689310689311
7950,0.986340909090909,0.0,0.013659090909090907
7951,0.4877188644688644,0.07509523809523809,0.43718589743589753
7952,0.24647300738477207,0.07061580086580087,0.6829111917494269
7953,0.009307692307692308,0.0,0.9906923076923075
7954,0.8559505494505493,0.004678571428571429,0.13937087912087912
7955,0.3682315739815741,0.040390692640692644,0.5913777333777334
7956,0.11848754023754021,0.05881598956598957,0.8226964701964699
7957,0.9513231213231212,0.005535714285714286,0.04314116439116439
7958,0.0011111111111111111,0.0,0.9988888888888888
7959,0.5161864442746795,0.09487337662337662,0.38894017910194384
7960,0.25956060606060616,0.033498556998557,0.7069408369408369
7961,0.9551588966588966,0.012196581196581196,0.032644522144522146
7962,0.3780955988455988,0.023301948051948046,0.5986024531024531
7963,0.24267460317460315,0.045198412698412696,0.7121269841269842
7964,0.009095238095238095,0.005714285714285714,0.9851904761904763
7965,0.9519484126984128,0.016666666666666666,0.031384920634920634
7966,0.3733910533910535,0.05732539682539683,0.5692835497835497
7967,0.8592683982683983,0.052825396825396824,0.0879062049062049
7968,0.8328709901209899,0.009690476190476189,0.1574385336885337
7969,0.3706229691361271,0.0761447718947719,0.5532322589691012
7970,0.9109233266733266,0.0025,0.08657667332667332
7971,0.9604242424242423,0.0009090909090909091,0.03866666666666667
7972,0.538480339105339,0.1397173520923521,0.32180230880230865
7973,0.9536333943833942,0.0074285714285714285,0.03893803418803419
7974,0.3062948717948718,0.06856746031746033,0.6251376678876679
7975,0.9480941558441558,0.02215909090909091,0.029746753246753247
7976,0.8477834249084247,0.011782106782106783,0.14043446830946832
7977,0.9176941391941392,0.007083333333333333,0.07522252747252747
7978,0.014166666666666666,0.01,0.9758333333333334
7979,0.47931845931845934,0.062054945054945056,0.45862659562659563
7980,0.7469920634920635,0.015595238095238096,0.2374126984126984
7981,0.7440886809269162,0.05248975044563279,0.203421568627451
7982,0.6814106693959633,0.03405311355311356,0.28453621705092297
7983,0.7072029914529913,0.04527428127428128,0.24752272727272726
7984,0.14475510600510602,0.0678351370851371,0.7874097569097569
7985,0.534002566877567,0.06018564768564769,0.40581178543678526
7986,0.18768445443445445,0.094728354978355,0.7175871905871906
7987,0.606880092130092,0.020912698412698414,0.3722072094572094
7988,0.736238136863137,0.08567940392940393,0.1780824592074592
7989,0.9463333333333331,0.01,0.04366666666666667
7990,0.205982683982684,0.03992279942279942,0.7540945165945164
7991,0.01966666666666667,0.00875,0.9715833333333334
7992,0.9162362914862914,0.0,0.08376370851370851
7993,0.7496103896103896,0.017404761904761902,0.23298484848484843
7994,0.8692103174603174,0.0285,0.10228968253968254
7995,0.6916753246753247,0.02371969696969697,0.2846049783549784
7996,0.06524242424242425,0.05478679653679654,0.8799707792207792
7997,0.9209913419913417,0.016666666666666666,0.06234199134199133
7998,0.0,0.0,1.0
7999,0.0,0.0,1.0
8000,0.6337297424797423,0.06277555777555778,0.3034946997446997
8001,0.8653362193362193,0.018095238095238095,0.11656854256854259
8002,0.3048360805860806,0.07958538683538684,0.6155785325785326
8003,0.7294866522366522,0.06023448773448774,0.21027886002886007
8004,0.5819354256854256,0.019476190476190477,0.3985883838383838
8005,0.670659729159729,0.03321428571428571,0.29612598512598515
8006,0.7923791486291488,0.050333333333333334,0.15728751803751806
8007,0.7357975815034641,0.03043589743589744,0.2337665210606387
8008,0.9942857142857143,0.004285714285714285,0.0014285714285714286
8009,0.6886452991452992,0.05022710622710622,0.2611275946275946
8010,0.9733333333333333,0.004,0.022666666666666665
8011,0.6196736694677869,0.04760317460317461,0.3327231559290383
8012,0.7336573704073703,0.04333333333333333,0.22300929625929627
8013,0.18746428571428575,0.045663059163059155,0.7668726551226551
8014,0.7796392496392498,0.022242424242424244,0.1981183261183261
8015,0.9559962814962814,0.0034285714285714284,0.040575147075147075
8016,0.985966386554622,0.0,0.01403361344537815
8017,0.6057110389610391,0.0011111111111111111,0.39317784992784977
8018,0.6623069708069709,0.025096153846153844,0.31259687534687536
8019,0.9764610389610391,0.0025,0.021038961038961038
8020,0.6186908369408368,0.08113690476190477,0.30017225829725824
8021,0.20700662083015026,0.05244877344877345,0.7405446057210763
8022,0.06125133200133201,0.028385281385281385,0.9103633866133864
8023,0.7202822732822733,0.10794044844044842,0.17177727827727826
8024,0.846262987012987,0.0038888888888888883,0.14984812409812412
8025,0.20671789321789322,0.043920995670995666,0.749361111111111
8026,0.9952380952380951,0.003333333333333333,0.0014285714285714286
8027,0.963672619047619,0.004166666666666667,0.03216071428571429
8028,0.07457647907647907,0.05758766233766233,0.8678358585858585
8029,0.16499242424242422,0.06284920634920634,0.7721583694083693
8030,0.8599844322344324,0.00375,0.13626556776556778
8031,0.9010512265512264,0.030845598845598846,0.0681031746031746
8032,0.8494005994005994,0.009095238095238095,0.1415041625041625
8033,0.1931042568542568,0.10870634920634924,0.698189393939394
8034,0.4373524531024533,0.09506043956043955,0.4675871073371073
8035,0.9100912698412698,0.0011111111111111111,0.08879761904761903
8036,0.6923101065601067,0.2622248862248862,0.04546500721500722
8037,0.37760353535353547,0.10085384060384062,0.521542624042624
8038,0.6696588134088135,0.04791208791208791,0.28242909867909866
8039,0.07137698412698414,0.08346031746031744,0.8451626984126982
8040,0.49156832056832067,0.11194230769230769,0.39648937173937177
8041,0.3551266233766233,0.07005699855699855,0.5748163780663781
8042,0.06346428571428571,0.05605555555555555,0.8804801587301587
8043,0.9439038461538461,0.006666666666666666,0.04942948717948718
8044,0.12343686868686868,0.00857142857142857,0.8679917027417029
8045,0.19052886002886,0.06853679653679653,0.7409343434343434
8046,0.7832233044733045,0.0,0.21677669552669548
8047,0.9153520923520923,0.0,0.08464790764790765
8048,0.9046652236652237,0.024742424242424243,0.0705923520923521
8049,0.5338993506493507,0.10808333333333334,0.358017316017316
8050,0.5819564128681776,0.013611111111111112,0.4044324760207113
8051,0.09963492063492062,0.03701984126984128,0.863345238095238
8052,0.9707380952380952,0.01926190476190476,0.01
8053,0.08536796536796538,0.07196753246753246,0.8426645021645021
8054,0.860376512376512,0.0,0.1396234876234876
8055,0.37151839826839833,0.020782217782217782,0.6076993839493839
8056,0.8655191197691198,0.01495670995670996,0.11952417027417027
8057,0.929861111111111,0.008686868686868686,0.06145202020202021
8058,0.6705593573093573,0.04500865800865801,0.28443198468198466
8059,0.8189462759462759,0.050218253968253974,0.13083547008547008
8060,0.14308910533910532,0.14947655122655124,0.7074343434343436
8061,0.2655048562548562,0.11176298701298702,0.6227321567321568
8062,0.21029717504717504,0.055564213564213566,0.734138611388611
8063,0.9678888888888889,0.016666666666666666,0.015444444444444445
8064,0.04011796536796537,0.010166666666666666,0.9497153679653682
8065,0.8978268398268398,0.016023809523809524,0.08614935064935064
8066,0.9277417027417028,0.02023015873015873,0.05202813852813852
8067,0.13599206349206347,0.08944877344877344,0.7745591630591631
8068,0.7418233988233988,0.04483821733821733,0.2133383838383839
8069,0.7474338161838162,0.056873376623376624,0.19569280719280716
8070,0.9618290043290044,0.0,0.03817099567099567
8071,0.8077585747585746,0.004285714285714285,0.18795571095571095
8072,0.9275934343434343,0.0,0.07240656565656566
8073,0.9675396825396824,0.007619047619047619,0.02484126984126984
8074,0.8864610389610388,0.0034090909090909094,0.11012987012987013
8075,0.95103108003108,0.00669877344877345,0.04227014652014652
8076,0.9121782106782105,0.01,0.07782178932178932
8077,0.048017704517704526,0.08066605616605617,0.8713162393162396
8078,0.18458008658008654,0.07910786435786435,0.7363120490620488
8079,0.7851031746031747,0.02220238095238095,0.19269444444444445
8080,0.976745337995338,0.002307692307692308,0.020946969696969697
8081,0.9321147186147185,0.006428571428571428,0.06145670995670995
8082,0.6851350316350316,0.05979220779220779,0.25507276057276057
8083,0.2063196248196248,0.09911976911976916,0.6945606060606059
8084,0.0009090909090909091,0.0016666666666666666,0.9974242424242423
8085,0.9624148629148628,0.009000000000000001,0.028585137085137085
8086,0.027622377622377625,0.0014285714285714286,0.9709490509490508
8087,0.7988939393939394,0.03507936507936508,0.16602669552669552
8088,0.33794588744588744,0.020303030303030302,0.641751082251082
8089,0.21694607190195422,0.019893939393939394,0.7631599887041063
8090,0.010167748917748918,0.004846153846153846,0.9849860972360972
8091,0.9702164502164501,0.01025974025974026,0.019523809523809523
8092,0.012440476190476191,0.0009090909090909091,0.9866504329004329
8093,0.82919123566492,0.04758040935672515,0.12322835497835496
8094,0.17096966921966922,0.08931385281385282,0.7397164779664779
8095,0.3386204906204906,0.1372784992784993,0.5241010101010101
8096,0.5729733681351328,0.04833333333333333,0.3786932985315337
8097,0.31651887001887,0.06463827838827839,0.6188428515928515
8098,0.7948290043290044,0.05661951936951936,0.14855147630147628
8099,0.7295068542568542,0.030666666666666665,0.23982647907647908
8100,0.02196969696969697,0.0018181818181818182,0.9762121212121212
8101,0.6808546176046175,0.025790404040404044,0.2933549783549783
8102,0.6322511377511377,0.07371861471861471,0.2940302475302475
8103,0.6588809523809522,0.07482936507936508,0.26628968253968255
8104,0.5189921744921743,0.05131998556998556,0.42968783993784
8105,0.0175,0.0,0.9825
8106,0.998,0.0,0.002
8107,0.009523809523809523,0.014253968253968255,0.9762222222222222
8108,0.9242936507936507,0.013444444444444446,0.062261904761904754
8109,0.7977738095238094,0.002857142857142857,0.1993690476190476
8110,0.9854797979797979,0.013611111111111112,0.0009090909090909091
8111,0.5349591519591521,0.1402002997002997,0.3248405483405483
8112,0.7258111055611054,0.012615440115440114,0.2615734543234543
8113,0.03837301587301587,0.002,0.959626984126984
8114,0.11038564213564213,0.07150000000000001,0.818114357864358
8115,0.9180339105339105,0.021666666666666664,0.060299422799422804
8116,0.7136700619641796,0.035335710041592396,0.250994227994228
8117,0.16583982683982681,0.05282738095238096,0.7813327922077921
8118,0.5972384559884559,0.16876046176046178,0.23400108225108218
8119,0.5283265068265071,0.036715367965367965,0.43495812520812527
8120,0.9684444444444443,0.0047619047619047615,0.026793650793650797
8121,0.42021384171384163,0.15302641802641803,0.4267597402597403
8122,0.8587965645465643,0.008871794871794871,0.1323316405816406
8123,0.99625,0.0,0.00375
8124,0.33585858585858597,0.12793686868686868,0.5362045454545454
8125,0.7430797813297814,0.010151515151515151,0.24676870351870356
8126,0.8378373015873016,0.01492063492063492,0.1472420634920635
8127,0.25551046176046177,0.03558946608946609,0.7089000721500721
8128,0.4556250693750694,0.0844862914862915,0.4598886391386393
8129,0.9988888888888888,0.0011111111111111111,0.0
8130,0.501065934065934,0.05909343434343435,0.43984063159063164
8131,0.0688932178932179,0.04889285714285714,0.8822139249639249
8132,0.8094437229437227,0.0862507215007215,0.10430555555555554
8133,0.907082251082251,0.035333333333333335,0.057584415584415585
8134,0.6825123487623486,0.09892532467532471,0.21856232656232655
8135,0.03059704184704185,0.0024285714285714284,0.966974386724387
8136,0.08993939393939393,0.06502597402597403,0.845034632034632
8137,0.5268521756021756,0.02530830280830281,0.44783952158952167
8138,0.15710028860028857,0.025050505050505052,0.8178492063492062
8139,0.08520512820512821,0.009166666666666667,0.9056282051282052
8140,0.7246259296259298,0.027714646464646466,0.2476594239094239
8141,0.9681944444444445,0.0,0.03180555555555556
8142,0.8392780373221549,0.1066321733821734,0.05408978929567164
8143,0.8113290043290041,0.14903346653346652,0.03963752913752914
8144,0.2290212842712843,0.07522113997113998,0.6957575757575757
8145,0.850638528138528,0.016659090909090908,0.13270238095238096
8146,0.8333042929292931,0.0034999999999999996,0.1631957070707071
8147,0.4532482656232656,0.050949966699966695,0.4958017676767678
8148,0.8745468975468975,0.003333333333333333,0.12211976911976911
8149,0.8219754689754688,0.04807575757575757,0.12994877344877342
8150,0.9636071428571428,0.0077142857142857135,0.02867857142857143
8151,0.18321626984126982,0.03276587301587301,0.7840178571428571
8152,0.8914426406926408,0.012678571428571428,0.09587878787878788
8153,0.7748620546120547,0.05823809523809524,0.1668998501498501
8154,0.8864743450993451,0.024166666666666666,0.08935898823398823
8155,0.351047619047619,0.038920995670995676,0.6100313852813852
8156,0.9700436507936508,0.0075,0.022456349206349206
8157,0.7496788766788767,0.015928571428571427,0.2343925518925519
8158,0.9917857142857143,0.00125,0.006964285714285714
8159,0.41678393828393817,0.06424492174492175,0.5189711399711401
8160,0.6770203505644682,0.026183621933621934,0.2967960275019098
8161,0.9250357142857142,0.012361111111111111,0.0626031746031746
8162,0.24177639843816312,0.31086940836940846,0.44735419319242853
8163,0.15343290043290042,0.026027777777777778,0.8205393217893218
8164,0.8896866744366744,0.0342040182040182,0.07610930735930735
8165,0.012602564102564101,0.0085,0.9788974358974358
8166,0.6083733766233766,0.03562301587301587,0.3560036075036075
8167,0.4632311022311022,0.11916849816849816,0.41760039960039963
8168,0.6342770562770563,0.032845238095238094,0.3328777056277057
8169,0.7946583694083695,0.049808080808080815,0.1555335497835498
8170,0.5771170871612049,0.12475309820898055,0.29812981462981464
8171,0.06117887667887668,0.05703785103785104,0.8817832722832724
8172,0.018190476190476187,0.015035714285714286,0.9667738095238095
8173,0.7944722222222222,0.0022222222222222222,0.2033055555555556
8174,0.9668021978021979,0.01,0.023197802197802195
8175,0.8978373015873017,0.02357936507936508,0.07858333333333334
8176,0.7150256132756132,0.017444805194805194,0.26752958152958145
8177,0.20748953823953822,0.11890692640692643,0.6736035353535353
8178,0.6601512556071382,0.049799422799422795,0.2900493215934393
8179,0.6040541403041402,0.017353535353535354,0.37859232434232437
8180,0.45901695526695524,0.13644583194583196,0.40453721278721283
8181,0.26688708513708514,0.06387878787878788,0.6692341269841267
8182,0.9602222222222221,0.01,0.029777777777777778
8183,0.4706329226329228,0.06480214230214229,0.464564935064935
8184,0.7668066655566653,0.024301587301587303,0.20889174714174716
8185,0.9791666666666667,0.007833333333333333,0.013000000000000001
8186,0.7123164613164613,0.03934523809523809,0.24833830058830056
8187,0.198731018981019,0.16310858585858587,0.6381603951603951
8188,0.9218373015873014,0.0,0.07816269841269842
8189,0.2151061716061716,0.09333352758352756,0.6915603008103008
8190,0.24516522366522359,0.24620021645021647,0.5086345598845601
8191,0.9642501942501944,0.0015384615384615385,0.03421134421134422
8192,0.8537003968253969,0.014333333333333333,0.13196626984126986
8193,0.9142777777777777,0.014499999999999999,0.07122222222222221
8194,0.782319624819625,0.021704545454545456,0.1959758297258297
8195,0.8608183483183482,0.013831168831168831,0.12535048285048286
8196,0.9512142857142857,0.006166666666666667,0.04261904761904762
8197,0.769039627039627,0.027666666666666666,0.20329370629370633
8198,0.46669366744366764,0.028409090909090905,0.5048972416472417
8199,0.9667893217893218,0.01272727272727273,0.020483405483405485
8200,0.9792640692640693,0.003333333333333333,0.017402597402597402
8201,0.1944493284493285,0.02416666666666667,0.781384004884005
8202,0.4371586191586192,0.059391497391497385,0.5034498834498834
8203,0.9554123376623376,0.017,0.02758766233766234
8204,0.29030466755466755,0.0840565823065823,0.6256387501387503
8205,0.8881665556665554,0.0016666666666666666,0.11016677766677767
8206,0.23049044011544012,0.030845238095238096,0.7386643217893218
8207,0.9952380952380951,0.003333333333333333,0.0014285714285714286
8208,0.15516522366522367,0.08063095238095239,0.7642038239538238
8209,0.3823897213897214,0.04296403596403597,0.5746462426462428
8210,0.8218325840825841,0.0035576923076923077,0.1746097236097236
8211,0.4074008769008769,0.05986374736374737,0.5327353757353757
8212,0.9778174603174604,0.0011111111111111111,0.021071428571428567
8213,0.9676666666666667,0.012,0.02033333333333333
8214,0.07399511599511599,0.025418803418803423,0.9005860805860806
8215,0.9475097125097126,0.005833333333333333,0.04665695415695415
8216,0.9625,0.0,0.0375
8217,0.5905678210678211,0.042365800865800864,0.367066378066378
8218,0.00658008658008658,0.023095238095238092,0.9703246753246754
8219,0.8883751803751803,0.05064718614718615,0.060977633477633485
8220,0.9460079365079365,0.0,0.053992063492063494
8221,0.4373884448884451,0.021240481740481744,0.5413710733710732
8222,0.41096908646908653,0.03308874458874459,0.5559421689421689
8223,0.6604254079254079,0.06470826395826396,0.27486632811632805
8224,0.5788725441225442,0.12254942279942278,0.2985780330780331
8225,0.17911147186147186,0.08867965367965368,0.7322088744588744
8226,0.0009090909090909091,0.0,0.999090909090909
8227,0.8457230824730825,0.007094017094017093,0.14718290043290044
8228,0.7638057498057497,0.0036363636363636364,0.23255788655788653
8229,0.336706820956821,0.04438131313131313,0.6189118659118659
8230,0.5492422577422578,0.09576767676767677,0.3549900654900655
8231,0.8322137029637031,0.07516225441225441,0.09262404262404261
8232,0.6066573426573424,0.023487484737484732,0.3698551726051727
8233,0.11150036075036075,0.025527777777777774,0.8629718614718613
8234,0.985,0.0,0.015
8235,0.2699157329598506,0.06909559884559884,0.6609886681945505
8236,0.2584895382395382,0.04023917748917749,0.7012712842712843
8237,0.8306987734487735,0.015254329004329003,0.1540468975468976
8238,0.3566269841269841,0.050426573426573425,0.5929464424464423
8239,0.04782629870129871,0.05406944444444445,0.8981042568542569
8240,0.8649404761904765,0.04207936507936508,0.09298015873015875
8241,0.12598340548340548,0.06206349206349206,0.8119531024531025
8242,0.8117380674880675,0.01517099567099567,0.17309093684093682
8243,0.5674959484959484,0.13938136863136863,0.2931226828726829
8244,0.9597287157287157,0.0,0.04027128427128428
8245,0.8959469696969697,0.004,0.10005303030303031
8246,0.5377229992229993,0.040729659229659224,0.4215473415473415
8247,0.9436468253968253,0.019146825396825395,0.037206349206349215
8248,0.9604285714285714,0.002857142857142857,0.03671428571428571
8249,0.8829545177045177,0.01826190476190476,0.09878357753357753
8250,0.9511998556998558,0.017564213564213563,0.03123593073593074
8251,0.712489010989011,0.028333333333333335,0.25917765567765566
8252,0.5756305916305916,0.028954545454545455,0.39541486291486294
8253,0.912342823842824,0.014833333333333334,0.07282384282384283
8254,0.692371656121656,0.024345238095238093,0.2832831057831057
8255,0.4342195165945165,0.1357994227994228,0.4299810606060608
8256,0.673714582802818,0.0925429292929293,0.23374248790425256
8257,0.9473928571428571,0.009940476190476189,0.04266666666666666
8258,0.0887593795093795,0.04931493506493506,0.8619256854256854
8259,0.0765701520701521,0.014141025641025642,0.9092888222888224
8260,0.9553333333333335,0.0,0.04466666666666666
8261,0.7919438616938618,0.049760378510378504,0.15829575979575983
8262,0.8296746031746032,0.021750000000000002,0.1485753968253968
8263,0.8818647186147185,0.030166666666666665,0.08796861471861471
8264,0.7629650072150074,0.0025,0.23453499278499274
8265,0.7784844877344878,0.05846897546897546,0.1630465367965368
8266,0.0,0.0,1.0
8267,0.9283415750915751,0.01853968253968254,0.053118742368742373
8268,0.767519092019092,0.04896342546342546,0.18351748251748248
8269,0.930940476190476,0.01119047619047619,0.057869047619047626
8270,0.6280665723165724,0.056822372072372056,0.31511105561105557
8271,0.9479336219336219,0.015575757575757574,0.03649062049062049
8272,0.9903214285714286,0.0,0.009678571428571427
8273,0.8688939773676614,0.028242424242424242,0.10286359838991417
8274,0.7970306637806638,0.03576731601731602,0.1672020202020202
8275,0.23238997113997115,0.0813897768897769,0.6862202519702519
8276,0.3503576978576979,0.04849386724386724,0.6011484348984351
8277,0.9318621933621933,0.015,0.053137806637806644
8278,0.820719696969697,0.04807575757575758,0.13120454545454546
8279,0.7285291097791098,0.017916666666666668,0.2535542235542235
8280,0.03652813852813853,0.05045726495726496,0.9130145965145965
8281,0.659828921078921,0.08082983682983683,0.25934124209124204
8282,0.9688611111111111,0.018388888888888885,0.01275
8283,0.8470728715728716,0.01696825396825397,0.13595887445887445
8284,0.9812103174603175,0.00625,0.01253968253968254
8285,0.1321147186147186,0.021464285714285714,0.8464209956709959
8286,1.0,0.0,0.0
8287,0.6506666666666666,0.016833333333333332,0.3325000000000001
8288,0.9625833333333332,0.0029166666666666664,0.0345
8289,0.5357637362637364,0.014694805194805198,0.44954145854145844
8290,0.3164019591519591,0.042445526695526696,0.6411525141525141
8291,0.42934262959262964,0.021568181818181816,0.5490891885891885
8292,0.7315870795870794,0.05737229437229438,0.21104062604062604
8293,0.8675349927849926,0.0008333333333333333,0.13163167388167385
8294,0.9764484126984125,0.013968253968253968,0.009583333333333333
8295,0.9726388888888888,0.0,0.02736111111111111
8296,0.7207282994782994,0.06612828837828838,0.2131434121434122
8297,0.9376071428571428,0.012111111111111112,0.050281746031746045
8298,0.9899999999999999,0.0,0.01
8299,0.8023292124542126,0.05473626373626374,0.14293452380952382
8300,0.8988979076479078,0.023809523809523815,0.07729256854256855
8301,0.6241706349206348,0.04271464646464647,0.3331147186147186
8302,0.2117063492063492,0.061035714285714276,0.7272579365079365
8303,0.7917788600288601,0.06135028860028859,0.14687085137085135
8304,0.01566341991341991,0.031596514596514594,0.9527400654900656
8305,0.8793647186147185,0.0,0.12063528138528139
8306,0.9044294871794871,0.0016666666666666666,0.09390384615384613
8307,0.10971248196248196,0.012916666666666667,0.8773708513708514
8308,0.8798048340548338,0.0,0.12019516594516594
8309,0.14860353535353535,0.028282106782106783,0.8231143578643578
8310,0.8871944444444445,0.014920634920634923,0.09788492063492063
8311,0.882388528138528,0.0025,0.11511147186147187
8312,0.8974664502164501,0.052789682539682546,0.04974386724386725
8313,0.9675833333333332,0.002,0.030416666666666665
8314,1.0,0.0,0.0
8315,0.7730106837606838,0.06174181374181375,0.16524750249750242
8316,0.8922843822843823,0.02501923076923077,0.08269638694638694
8317,0.6752497110732406,0.12207633053221288,0.20267395839454658
8318,0.5677358613608614,0.11245689033189034,0.31980724830724827
8319,0.005,0.013650793650793651,0.9813492063492064
8320,0.9198307444189798,0.02371897546897547,0.056450280112044816
8321,0.6951624486624488,0.06352380952380952,0.2413137418137418
8322,0.5219628982128983,0.0870937950937951,0.3909433066933067
8323,0.0022222222222222222,0.0115,0.9862777777777778
8324,0.11247619047619048,0.034639249639249636,0.8528845598845598
8325,0.9770151515151515,0.005,0.017984848484848482
8326,0.9863888888888889,0.005,0.008611111111111111
8327,0.9651782106782106,0.002111111111111111,0.03271067821067821
8328,0.10787914862914864,0.010416666666666664,0.8817041847041845
8329,0.9638095238095238,0.01619047619047619,0.02
8330,0.3375244755244755,0.020738816738816737,0.6417367077367075
8331,0.8632738095238095,0.010666666666666666,0.12605952380952382
8332,0.4157126092861387,0.15323986144574378,0.4310475292681175
8333,0.7629935064935067,0.004242424242424242,0.23276406926406928
8334,0.7642231934731935,0.026333333333333334,0.20944347319347323
8335,0.9461623376623378,0.005670995670995671,0.04816666666666666
8336,0.38610786435786437,0.07848881673881673,0.5354033189033189
8337,0.5361984126984126,0.03621717171717172,0.4275844155844156
8338,0.9702619047619048,0.0,0.02973809523809524
8339,0.3481736319236319,0.07927020202020202,0.572556166056166
8340,0.9654826839826839,0.007916666666666666,0.02660064935064935
8341,0.9162857142857141,0.009503968253968254,0.07421031746031746
8342,0.993,0.0,0.006999999999999999
8343,0.8111064213564212,0.006318181818181818,0.1825753968253968
8344,0.08313961038961037,0.058770562770562765,0.8580898268398269
8345,0.9748953823953822,0.00125,0.023854617604617604
8346,0.7362923881673881,0.049432900432900426,0.21427471139971146
8347,0.440323593073593,0.0850566378066378,0.4746197691197693
8348,0.2874266844266844,0.09244852369852369,0.6201247918747919
8349,0.954931818181818,0.0034090909090909094,0.04165909090909091
8350,0.7445911588411588,0.011779220779220778,0.24362962037962038
8351,0.7230893273393274,0.01976190476190476,0.25714876789876795
8352,0.9247617937617938,0.0051111111111111105,0.07012709512709513
8353,0.0507579365079365,0.02107936507936508,0.9281626984126984
8354,0.04130952380952382,0.019055555555555558,0.9396349206349207
8355,0.9985714285714287,0.0014285714285714286,0.0
8356,0.7258632756132755,0.02561616161616162,0.24852056277056278
8357,0.1587665945165945,0.01368037518037518,0.8275530303030301
8358,0.02033008658008658,0.03637337662337662,0.9432965367965366
8359,0.995,0.0,0.005
8360,0.9092078754578756,0.0025,0.08829212454212454
8361,0.5463538406038405,0.01856746031746032,0.43507869907869917
8362,0.844370879120879,0.05645054945054945,0.09917857142857145
8363,0.4388670634920635,0.01933080808080808,0.5418021284271284
8364,0.9597141747141746,0.015257936507936509,0.02502788877788878
8365,0.7056070596070598,0.03430627705627705,0.2600866633366633
8366,0.5074078282828285,0.036333333333333336,0.4562588383838382
8367,0.7682774170274169,0.030841991341991344,0.20088059163059163
8368,0.9276712454212453,0.005,0.06732875457875458
8369,0.44066367782544247,0.05958333333333334,0.4997529888412242
8370,0.733724594849595,0.04217099567099567,0.2241044094794095
8371,0.7546540126540127,0.01887878787878788,0.22646719946719945
8372,0.00125,0.0,0.99875
8373,0.07030555555555557,0.033583694083694084,0.8961107503607502
8374,0.32647816888993364,0.06321139971139972,0.6103104313986667
8375,0.9762261904761904,0.0,0.023773809523809523
8376,0.3308936618936618,0.04795454545454545,0.6211517926517925
8377,0.5829055193172842,0.10490173715173716,0.3121927435309788
8378,0.8120931013431013,0.04449999999999999,0.14340689865689865
8379,0.9034827949827953,0.0125,0.08401720501720503
8380,0.800908535908536,0.0120995670995671,0.186991896991897
8381,0.8691259018759019,0.08894119769119768,0.041932900432900426
8382,0.8636944444444445,0.01123015873015873,0.12507539682539684
8383,0.8261687756687754,0.02283333333333333,0.15099789099789102
8384,0.9888888888888888,0.0,0.011111111111111112
8385,0.13105555555555556,0.08706532356532357,0.7818791208791208
8386,0.3792427294927294,0.059709235209235205,0.5610480352980355
8387,0.9978409090909091,0.0,0.002159090909090909
8388,0.652896547896548,0.029178571428571432,0.31792488067488056
8389,0.47122305472305465,0.12262370962370961,0.4061532356532357
8390,0.09526623376623376,0.041119047619047625,0.8636147186147187
8391,0.7344548784548784,0.009797008547008547,0.25574811299811295
8392,0.8346886446886446,0.027165445665445667,0.13814590964590961
8393,0.9427911255411254,0.014583333333333332,0.04262554112554112
8394,0.5154270729270729,0.08612576312576312,0.39844716394716395
8395,0.2565400155400155,0.06889646464646464,0.6745635198135196
8396,0.8018138528138524,0.029270202020202016,0.16891594516594513
8397,0.9537555777555778,0.0,0.04624442224442225
8398,0.9775378787878789,0.0,0.02246212121212121
8399,0.8335942945942945,0.02918925518925519,0.1372164502164502
8400,0.016666666666666666,0.018000000000000002,0.9653333333333333
8401,0.5140915195915197,0.08548015873015874,0.40042832167832165
8402,0.1687777777777778,0.0433495670995671,0.7878726551226553
8403,0.1386305083805084,0.16756959706959706,0.6937998945498944
8404,0.7653894993894994,0.028535714285714286,0.20607478632478632
8405,0.10596031746031746,0.013194444444444444,0.8808452380952382
8406,0.7591116383616384,0.008904761904761905,0.23198359973359978
8407,0.9617188644688645,0.0156978021978022,0.022583333333333334
8408,0.7340732323232322,0.02068253968253968,0.245244227994228
8409,0.062365079365079366,0.03266486291486292,0.9049700577200579
8410,0.48865199669611437,0.10680574001162235,0.4045422632922634
8411,0.8352220557220558,0.02542338217338217,0.13935456210456207
8412,0.06868117993117992,0.1010905205905206,0.8302282994782993
8413,0.004318181818181818,0.0,0.9956818181818181
8414,1.0,0.0,0.0
8415,0.8465887723387722,0.026767676767676774,0.1266435508935509
8416,0.9368553391053392,0.008916666666666666,0.05422799422799422
8417,0.5689629537129536,0.012857142857142855,0.4181799034299036
8418,0.7856450216450215,0.019,0.1953549783549784
8419,0.10617799847211612,0.052492784992785,0.841329216535099
8420,0.6733632756132757,0.010361111111111113,0.3162756132756134
8421,0.19554761904761908,0.06149242424242425,0.7429599567099566
8422,0.9326971361971365,0.0,0.06730286380286381
8423,0.8281262626262625,0.01777380952380952,0.15409992784992785
8424,0.5497504717504719,0.09476082251082252,0.3554887057387057
8425,0.7839917027417026,0.022261904761904757,0.19374639249639247
8426,0.09085245310245309,0.08758080808080808,0.8215667388167388
8427,0.3887899045399047,0.133543401043401,0.47766669441669435
8428,0.9620924908424908,0.005,0.03290750915750915
8429,0.9910909090909091,0.0,0.00890909090909091
8430,0.8994700577200576,0.04563636363636363,0.05489357864357865
8431,0.3104672827172827,0.031880952380952385,0.6576517649017647
8432,0.4680737040737041,0.10988375513375516,0.4220425407925407
8433,0.7200848595848597,0.04946825396825396,0.2304468864468865
8434,0.08361050061050058,0.07176803751803751,0.8446214618714619
8435,0.9166123876123876,0.0045000000000000005,0.0788876123876124
8436,0.8027286324786325,0.013214285714285713,0.1840570818070818
8437,0.037000000000000005,0.013500000000000002,0.9495
8438,0.9623333333333334,0.0047619047619047615,0.03290476190476191
8439,0.5416835664335664,0.1023466810966811,0.3559697524697523
8440,0.7970544733044733,0.06348268398268397,0.1394628427128427
8441,0.394477355977356,0.002435897435897436,0.6030867465867465
8442,0.9483650793650793,0.015984126984126986,0.03565079365079364
8443,0.9417655122655121,0.005555555555555556,0.05267893217893217
8444,0.916888888888889,0.04794444444444444,0.03516666666666667
8445,0.989479797979798,0.003611111111111111,0.006909090909090909
8446,0.6631536796536797,0.005,0.3318463203463204
8447,0.08788961038961038,0.05611652236652237,0.8559938672438672
8448,0.8946603535353536,0.0,0.10533964646464647
8449,0.4131875901875901,0.10441269841269843,0.48239971139971133
8450,0.60332215007215,0.03982575757575757,0.3568520923520924
8451,0.9219004329004328,0.011000000000000001,0.06709956709956709
8452,0.99,0.01,0.0
8453,0.8694408369408368,0.017611111111111112,0.11294805194805192
8454,0.5994054834054834,0.04344444444444445,0.3571500721500723
8455,0.37758252858252866,0.02838972138972139,0.59402775002775
8456,0.5977287712287712,0.01042857142857143,0.3918426573426574
8457,0.9424080086580084,0.0016666666666666666,0.055925324675324684
8458,0.44865945165945176,0.19184379509379507,0.35949675324675323
8459,0.9682857142857142,0.007083333333333333,0.024630952380952382
8460,0.9789880952380952,0.009761904761904762,0.01125
8461,0.15505555555555553,0.07837301587301587,0.7665714285714286
8462,0.9570833333333333,0.005,0.03791666666666667
8463,0.42295365745365743,0.028805555555555556,0.5482407869907869
8464,0.8325412642912643,0.05624481074481074,0.11121392496392496
8465,0.4171306830424477,0.019953296703296704,0.5629160202542557
8466,0.7803867064308241,0.04517094017094018,0.17444235339823574
8467,0.9595075757575757,0.005,0.03549242424242424
8468,0.2669552947052947,0.05697077922077922,0.676073926073926
8469,0.15189321789321789,0.042023809523809526,0.8060829725829725
8470,0.650501443001443,0.06232287157287157,0.2871756854256854
8471,0.9871428571428571,0.002857142857142857,0.01
8472,0.7823268398268399,0.009619047619047619,0.20805411255411255
8473,0.9517178932178932,0.019805555555555555,0.028476551226551225
8474,0.8637880452880452,0.05638583638583638,0.07982611832611833
8475,0.16912873237873238,0.03489718614718615,0.7959740814740813
8476,0.9613484848484848,0.01,0.028651515151515154
8477,0.6297364024864024,0.06937221112221113,0.3008913863913864
8478,0.8164552669552669,0.06522222222222222,0.11832251082251086
8479,0.8954276556776557,0.019557692307692307,0.085014652014652
8480,0.9478134920634921,0.013035714285714286,0.03915079365079365
8481,0.9990000000000001,0.0,0.001
8482,0.33958744033744037,0.03338034188034188,0.6270322177822178
8483,0.1873603896103896,0.06640476190476191,0.7462348484848484
8484,0.9350526695526695,0.0037662337662337664,0.061181096681096676
8485,0.98,0.01,0.01
8486,0.06009704184704184,0.0125,0.9274029581529581
8487,0.5633972138972138,0.06250432900432899,0.3740984570984571
8488,0.9607499999999999,0.02166666666666667,0.017583333333333333
8489,0.5741415528915528,0.08246719946719948,0.3433912476412476
8490,0.1937110389610389,0.011004329004329006,0.7952846320346318
8491,0.25676388888888885,0.03863690476190476,0.704599206349206
8492,0.8233164335664334,0.07176151626151626,0.1049220501720502
8493,0.7680523088023088,0.018313492063492063,0.21363419913419912
8494,0.7179268786768788,0.03934199134199134,0.24273112998113
8495,0.7329567377067376,0.04218467643467643,0.22485858585858584
8496,0.854050505050505,0.026687229437229436,0.1192622655122655
8497,0.962320707070707,0.0,0.03767929292929293
8498,0.09052922077922078,0.011666666666666665,0.8978041125541125
8499,0.9344270451770452,0.0,0.06557295482295483
8500,0.8384541847041848,0.03492171717171717,0.12662409812409814
8501,0.5689783272283271,0.010345238095238097,0.42067643467643473
8502,0.18839718614718615,0.021625000000000002,0.789977813852814
8503,0.7769906204906205,0.04296969696969697,0.18003968253968256
8504,0.03013095238095238,0.008333333333333333,0.9615357142857142
8505,0.9521147186147186,0.012083333333333333,0.03580194805194805
8506,0.9933333333333334,0.0,0.006666666666666666
8507,0.8045223665223666,0.009047619047619047,0.18643001443001442
8508,0.9099020562770561,0.009761904761904763,0.08033603896103897
8509,0.9422218614718616,0.011000000000000001,0.04677813852813853
8510,0.6325619380619381,0.11932370407370405,0.24811435786435784
8511,0.8085959595959595,0.033,0.15840404040404038
8512,0.046321900321900325,0.013819444444444445,0.9398586552336554
8513,0.3765700688200689,0.07160633810633811,0.551823593073593
8514,0.17200937950937953,0.04426767676767676,0.7837229437229436
8515,0.7670519480519481,0.025428571428571425,0.20751948051948052
8516,0.14660664335664336,0.038251221001221004,0.8151421356421354
8517,0.5930526695526698,0.05674711399711398,0.3502002164502165
8518,0.550923520923521,0.12758236208236207,0.321494116994117
8519,0.4721904761904762,0.07478571428571429,0.4530238095238095
8520,0.9662380952380951,0.022333333333333334,0.011428571428571429
8521,0.9557142857142857,0.009535714285714285,0.03475
8522,0.7669658674658676,0.03416092241092241,0.19887321012321008
8523,0.18113816738816738,0.017154761904761905,0.8017070707070707
8524,0.9441111111111111,0.03311111111111111,0.022777777777777775
8525,0.4685515873015873,0.0085,0.5229484126984127
8526,0.9934166666666667,0.0,0.006583333333333333
8527,0.4387206780147958,0.12659883580471817,0.4346804861804861
8528,0.6240226717726718,0.011955128205128203,0.36402220002220004
8529,0.98625,0.0,0.01375
8530,0.9752698412698412,0.0,0.02473015873015873
8531,0.8587709235209233,0.015416666666666667,0.1258124098124098
8532,0.8232284937284937,0.056119047619047624,0.12065245865245862
8533,0.901888888888889,0.009666666666666665,0.08844444444444444
8534,0.8734321789321791,0.028416666666666666,0.09815115440115439
8535,0.9369880952380953,0.016416666666666666,0.0465952380952381
8536,0.8787564935064935,0.010345238095238097,0.11089826839826838
8537,0.5402804972804972,0.06322954822954822,0.3964899544899545
8538,0.19345224220224214,0.03248168498168498,0.7740660728160728
8539,0.630763542013542,0.11245310245310247,0.2567833555333555
8540,0.8667429237429238,0.009250000000000001,0.12400707625707627
8541,0.23923112998112997,0.07616050616050615,0.6846083638583639
8542,0.98375,0.005,0.01125
8543,0.6209060482001658,0.056396825396825404,0.32269712640300874
8544,0.10460714285714286,0.036555555555555556,0.8588373015873013
8545,0.028191919191919195,0.006000000000000001,0.9658080808080808
8546,0.9773333333333335,0.007619047619047619,0.015047619047619048
8547,0.37239368964368963,0.08715873015873016,0.5404475801975802
8548,0.6750267787767786,0.02538095238095238,0.29959226884226886
8549,0.7550039682539683,0.03773809523809524,0.20725793650793647
8550,0.9976388888888889,0.00125,0.0011111111111111111
8551,0.49084390609390616,0.02119871794871795,0.48795737595737587
8552,0.8405508103008101,0.014131313131313132,0.14531787656787654
8553,0.0,0.0,1.0
8554,0.23333663558663556,0.054753607503607506,0.7119097569097569
8555,0.959022977022977,0.002,0.038977022977022976
8556,0.2371838994338994,0.06701812076812076,0.6957979797979797
8557,0.984642857142857,0.007857142857142856,0.0075
8558,0.049861111111111106,0.0,0.950138888888889
8559,0.4816299811299811,0.06117135642135642,0.4571986624486625
8560,0.9403531746031746,0.0125,0.047146825396825395
8561,0.8184880952380952,0.023404761904761907,0.15810714285714284
8562,0.38084903984903984,0.13198665223665226,0.48716430791430787
